
f 1 AlphaFam
u 1 Alice 5000.00
e 1 1 1 1200.50 3
e 1 2 2 300.00 4
e 1 3 1 450.00 7
u 2 Bob 6000.00
e 2 1 1 900.00 2
e 2 2 3 1100.00 5
e 2 3 5 200.00 9
u 3 Carol 4000.00
e 3 1 2 600.00 5
e 3 2 2 300.00 6

f 2 BetaFam
u 1 Dave 5500.00
e 1 1 4 300.00 2
e 1 2 5 100.00 3
u 2 Eva 7200.00
e 2 1 2 500.00 1
e 2 2 4 800.00 4
e 2 3 4 200.00 7
u 3 Fred 6100.00
e 3 1 1 400.00 6
u 4 Gina 6800.00

f 3 GammaFam
u 1 Henry 4900.00
e 1 1 2 600.00 3
e 1 2 2 500.00 5
u 2 Ivy 5200.00
e 2 1 3 1000.00 4
u 3 Jack 4700.00
e 3 1 1 450.00 6
e 3 2 3 350.00 7

f 4 DeltaFam
u 1 Kate 6100.00
e 1 1 5 300.00 1
e 1 2 2 400.00 3
e 1 3 1 250.00 6
u 2 Liam 7000.00
e 2 1 2 600.00 5
e 2 2 2 400.00 9
u 3 Mike 3800.00
e 3 1 4 500.00 4

f 5 EpsilonFam
u 1 Nora 8000.00
e 1 1 1 1000.00 3
e 1 2 1 600.00 5
u 2 Owen 4300.00
e 2 1 2 700.00 6
e 2 2 3 500.00 7
u 3 Paul 3900.00
e 3 1 4 200.00 8

f 6 ZetaFam
u 1 Quinn 5600.00
e 1 1 5 250.00 2
e 1 2 5 250.00 4
e 1 3 3 150.00 7
e 1 4 4 200.00 9
e 1 5 3 150.00 2
e 1 6 4 200.00 3
u 2 Rose 6600.00
e 2 1 2 600.00 5
e 2 2 3 450.00 2
u 3 Steve 5400.00
e 3 1 4 800.00 9
e 3 2 5 400.00 3
u 4 Tina 5100.00
e 4 1 1 300.00 2

f 7 EtaFam
u 1 Uma 4700.00
e 1 1 2 900.00 1
e 1 2 3 400.00 2
u 2 Vic 4800.00
e 2 1 2 500.00 5
u 3 Will 5900.00
e 3 1 1 600.00 3

f 8 ThetaFam
u 1 Xavier 6200.00
e 1 1 3 800.00 2
e 1 2 4 400.00 5
u 2 Yara 5300.00
e 2 1 4 500.00 7
e 2 2 4 300.00 8
u 3 Zack 5800.00
e 3 1 5 200.00 9

f 9 IotaFam
u 1 Amy 7000.00
e 1 1 1 300.00 3
e 1 2 1 500.00 4
u 2 Ben 6900.00
e 2 1 2 600.00 6
u 3 Clara 4600.00
e 3 1 3 800.00 8

f 10 KappaFam
u 1 Dan 5200.00
e 1 1 4 700.00 2
e 1 2 4 500.00 3
e 1 3 4 300.00 4
u 2 Ella 4800.00
e 2 1 1 400.00 5
e 2 2 5 350.00 10
u 3 Finn 5500.00
e 3 1 2 600.00 6

f 11 Fam1
u 1 Hrushikesh 2000.00
e 1 1 2 500.00 4
